RemoveBuildingForPlayer(playerid, 1215, 0.0, 0.0, 0.0, 40000.0);
RemoveBuildingForPlayer(playerid, 1308, 0.0, 0.0, 0.0, 40000.0);
RemoveBuildingForPlayer(playerid, 4594, 1825.0000, -1413.9297, 12.5547, 0.25);
RemoveBuildingForPlayer(playerid, 647, 1809.8984, -1384.4688, 15.1094, 0.25);
RemoveBuildingForPlayer(playerid, 647, 1813.1641, -1384.4688, 15.1094, 0.25);
RemoveBuildingForPlayer(playerid, 647, 1831.3594, -1384.4688, 15.1094, 0.25);
RemoveBuildingForPlayer(playerid, 620, 1831.9609, -1381.0703, 13.5625, 0.25);
RemoveBuildingForPlayer(playerid, 647, 1831.3594, -1359.0938, 15.1094, 0.25);
RemoveBuildingForPlayer(playerid, 700, 1831.2813, -1354.1016, 14.4219, 0.25);
RemoveBuildingForPlayer(playerid, 647, 1831.3594, -1348.4922, 15.1094, 0.25);
RemoveBuildingForPlayer(playerid, 4605, 1823.6875, -1291.2500, 7.3125, 0.25);
RemoveBuildingForPlayer(playerid, 1525, 1974.0859, -1351.1641, 24.5625, 0.25);
RemoveBuildingForPlayer(playerid, 708, 1966.7109, -1360.0938, 17.5859, 0.25);
RemoveBuildingForPlayer(playerid, 620, 1971.8203, -1411.8750, 14.2500, 0.25);
RemoveBuildingForPlayer(playerid, 5415, 1916.9375, -1400.8906, 19.5625, 0.25);
RemoveBuildingForPlayer(playerid, 5663, 1919.4453, -1400.8828, 19.5234, 0.25);
RemoveBuildingForPlayer(playerid, 673, 1958.8828, -1395.1953, 13.3281, 0.25);
RemoveBuildingForPlayer(playerid, 5400, 1913.1328, -1370.5000, 17.7734, 0.25);
RemoveBuildingForPlayer(playerid, 673, 1933.2422, -1376.1719, 13.3281, 0.25);
RemoveBuildingForPlayer(playerid, 1260, 1907.5000, -1353.4063, 20.0547, 0.25);
RemoveBuildingForPlayer(playerid, 1283, 1846.2422, -1329.1094, 15.6406, 0.25);
RemoveBuildingForPlayer(playerid, 5644, 1881.8203, -1315.9219, 30.8359, 0.25);
RemoveBuildingForPlayer(playerid, 5464, 1902.4297, -1309.5391, 29.9141, 0.25);
RemoveBuildingForPlayer(playerid, 1226, 1982.7344, -1401.1094, 23.3516, 0.25);
RemoveBuildingForPlayer(playerid, 1260, 1978.1484, -1371.1484, 31.9531, 0.25);
RemoveBuildingForPlayer(playerid, 645, 1873.0547, -1478.3125, 9.2891, 0.25);
RemoveBuildingForPlayer(playerid, 673, 1858.1875, -1439.6875, 11.9375, 0.25);
RemoveBuildingForPlayer(playerid, 1267, 1862.9609, -1449.0547, 26.3359, 0.25);
RemoveBuildingForPlayer(playerid, 1308, 1897.0234, -1451.2266, 12.4922, 0.25);
RemoveBuildingForPlayer(playerid, 5660, 1916.0547, -1426.2422, 16.0313, 0.25);
RemoveBuildingForPlayer(playerid, 645, 1927.4766, -1478.3125, 9.2891, 0.25);
RemoveBuildingForPlayer(playerid, 1260, 1988.3281, -1476.5859, 18.4531, 0.25);
RemoveBuildingForPlayer(playerid, 1260, 1976.9453, -1426.9922, 24.6563, 0.25);
CreateObject(18781, 1948.59106, -1317.45081, 25.02506,   0.00000, 0.00000, 270.00000);
CreateObject(18784, 1967.01599, -1440.95984, 10.06830,   0.00000, 0.00000, 270.00000);
CreateObject(18784, 1947.06628, -1440.99670, 10.06830,   0.00000, 0.00000, 270.00000);
CreateObject(18784, 1927.29321, -1441.03772, 10.06830,   0.00000, 0.00000, 270.00000);
CreateObject(18784, 1907.66064, -1441.12378, 10.06830,   0.00000, 0.00000, 270.00000);
CreateObject(18784, 1887.66870, -1441.06311, 10.06830,   0.00000, 0.00000, 270.00000);
CreateObject(18784, 1868.31897, -1441.12390, 10.06830,   0.00000, 0.00000, 270.00000);
CreateObject(13641, 1919.38354, -1463.78979, 14.08202,   0.00000, 0.00000, 0.49936);
CreateObject(18784, 1871.71179, -1440.72827, 10.06830,   0.00000, 0.00000, 180.00000);
CreateObject(18784, 1871.70422, -1420.77136, 10.06830,   0.00000, 0.00000, 180.00000);
CreateObject(18784, 1871.71826, -1400.80176, 10.06830,   0.00000, 0.00000, 180.00000);
CreateObject(18784, 1871.58545, -1360.98718, 10.06830,   0.00000, 0.00000, 180.00000);
CreateObject(18784, 1868.29919, -1441.12659, 10.06830,   0.00000, 0.00000, 270.00000);
CreateObject(18784, 1871.17444, -1360.84058, 10.05230,   0.00000, 0.00000, 90.00000);
CreateObject(18784, 1906.62830, -1360.76221, 10.05230,   0.00000, 0.00000, 90.00000);
CreateObject(18784, 1967.12561, -1440.94995, 10.06230,   0.00000, 0.00000, 0.00000);
CreateObject(5400, 1878.75964, -1323.24817, 12.68650,   0.00000, 0.00000, 270.00000);
CreateObject(13604, 1876.01746, -1389.49426, 14.20040,   0.00000, 0.00000, 180.00000);
CreateObject(18754, 1909.87183, -1477.45483, 7.06570,   90.00000, 0.00000, 0.00000);
CreateObject(18754, 1785.79346, -1353.65491, 7.06570,   90.00000, 0.00000, 90.00000);
CreateObject(18754, 1909.05261, -1294.55164, 7.06570,   90.00000, 0.00000, 0.00000);
CreateObject(18754, 2034.33972, -1353.49402, 7.06570,   90.00000, 0.00000, 90.00000);
CreateObject(18754, 1785.18896, -1353.37744, 7.06570,   90.00000, 0.00000, 90.00000);
CreateObject(18754, 1909.58875, -1353.52917, 131.69641,   0.00000, 0.00000, 0.00000);
CreateObject(19005, 1817.23804, -1401.09387, 17.34360,   30.00000, 0.00000, 90.00000);
CreateObject(19005, 1819.12903, -1401.12488, 16.07660,   0.00000, 0.00000, 90.00000);
CreateObject(19005, 1819.17798, -1413.48352, 16.07660,   0.00000, 0.00000, 90.00000);
CreateObject(19005, 1817.38110, -1413.42859, 17.34360,   30.00000, 0.00000, 90.00000);
CreateObject(19005, 1806.26538, -1424.68555, 17.34360,   30.00000, 0.00000, 0.00000);
CreateObject(19005, 1793.81982, -1424.66711, 17.34360,   30.00000, 0.00000, 0.00000);
CreateObject(19005, 1806.17566, -1426.72717, 16.07660,   0.00000, 0.00000, 0.00000);
CreateObject(19005, 1793.73254, -1426.76855, 16.07660,   0.00000, 0.00000, 0.00000);
CreateObject(2000, 1956.02698, -1373.63245, 17.55270,   0.00000, 0.00000, 0.00000);
CreateVehicle(481, 1944.4468, -1361.5333, 18.0557, 180.0000, -1, -1, 100);
CreateVehicle(481, 1945.9468, -1361.5333, 18.0557, 180.0000, -1, -1, 100);
CreateVehicle(481, 1947.4468, -1361.5333, 18.0557, 180.0000, -1, -1, 100);
CreateVehicle(481, 1948.9468, -1361.5333, 18.0557, 180.0000, -1, -1, 100);
CreateVehicle(481, 1950.4468, -1361.5333, 18.0557, 180.0000, -1, -1, 100);
CreateVehicle(481, 1951.9468, -1361.5333, 18.0557, 180.0000, -1, -1, 100);
CreateVehicle(481, 1953.4468, -1361.5333, 18.0557, 180.0000, -1, -1, 100);
CreateVehicle(510, 1954.9634, -1361.5222, 18.1557, 180.0000, -1, -1, 100);
CreateVehicle(510, 1956.4634, -1361.5222, 18.1557, 180.0000, -1, -1, 100);
CreateVehicle(510, 1957.9518, -1361.5060, 18.1557, 180.0000, -1, -1, 100);
CreateVehicle(510, 1959.4518, -1361.5060, 18.1557, 180.0000, -1, -1, 100);
CreateVehicle(510, 1960.9402, -1361.4897, 18.1557, 180.0000, -1, -1, 100);
CreateVehicle(510, 1962.4286, -1361.4735, 18.1557, 180.0000, -1, -1, 100);
